[gd_scene load_steps=14 format=3 uid="uid://cjfxxkiddbmbt"]

[ext_resource type="Script" path="res://_Scripts/main_scene.gd" id="1_fdosp"]
[ext_resource type="Script" path="res://_Scripts/Cam.gd" id="2_o81kw"]
[ext_resource type="Script" path="res://_Scripts/Spawner.gd" id="2_u3jyf"]
[ext_resource type="PackedScene" uid="uid://xfjfqlhrp8cg" path="res://Art/3dstuff/fbx/Lenta.fbx" id="2_ulyct"]
[ext_resource type="PackedScene" uid="uid://xniatleo40ys" path="res://Scenes/audio_manager.tscn" id="3_068bj"]
[ext_resource type="Script" path="res://_Scripts/pause_node.gd" id="5_74wqr"]
[ext_resource type="PackedScene" uid="uid://d2f3n7ryypk83" path="res://Scenes/menu.tscn" id="6_e1j1i"]
[ext_resource type="Script" path="res://_Scripts/ScanGun.gd" id="7_3stbu"]
[ext_resource type="PackedScene" uid="uid://c8hp58uty72l5" path="res://Scenes/GameoverMenu.tscn" id="7_y3t0d"]
[ext_resource type="PackedScene" uid="uid://ca4sp6rynrtk7" path="res://Scenes/screen.tscn" id="8_u0rvw"]
[ext_resource type="PackedScene" uid="uid://beselpu8e0usb" path="res://Art/3dstuff/fbx/Scaner.fbx" id="9_eselk"]

[sub_resource type="BoxShape3D" id="BoxShape3D_awk8t"]
size = Vector3(12.0845, 0.597168, 4.95584)

[sub_resource type="BoxShape3D" id="BoxShape3D_vdfb5"]

[node name="MainScene" type="Node3D"]
script = ExtResource("1_fdosp")

[node name="Ground" parent="." instance=ExtResource("2_ulyct")]
transform = Transform3D(-4.37114e-08, 0, -1, 0, 1, 0, 1, 0, -4.37114e-08, 0.651628, -1.11692, -0.260122)

[node name="Area3D" type="Area3D" parent="Ground"]
transform = Transform3D(-4.37114e-08, 0, 1, 0, 1, 0, -1, 0, -4.37114e-08, 0.00512189, 0.836924, 1.07463)

[node name="CollisionShape3D" type="CollisionShape3D" parent="Ground/Area3D"]
transform = Transform3D(1, 0, 0, 0, 1, 0, 0, 0, 1, -0.313721, -0.201416, -0.389694)
shape = SubResource("BoxShape3D_awk8t")

[node name="Camera3D" type="Camera3D" parent="."]
transform = Transform3D(1, 0, 0, 0, 0.692143, 0.72176, 0, -0.72176, 0.692143, 0, 1.36, 1.257)
fov = 65.6
script = ExtResource("2_o81kw")

[node name="Timer" type="Timer" parent="Camera3D"]
one_shot = true
autostart = true

[node name="InHandPos" type="Node3D" parent="Camera3D"]
transform = Transform3D(1, 0, 0, 0, 1, 0, 0, 0, 1, 0, -0.0687859, -1.11188)

[node name="DirectionalLight3D" type="DirectionalLight3D" parent="."]
transform = Transform3D(0.837203, -0.436976, -0.328851, 0.351695, -0.0303013, 0.935624, -0.41881, -0.898962, 0.128314, -2.3036, 3.43839, 2.95197)
light_energy = 0.536

[node name="DirectionalLight3D2" type="DirectionalLight3D" parent="."]
transform = Transform3D(-0.689353, -0.684577, 0.236952, 0.351695, -0.0303012, 0.935624, -0.633327, 0.72831, 0.26165, 1.13562, 3.43839, 3.1234)

[node name="Spawner" type="Node3D" parent="."]
script = ExtResource("2_u3jyf")
spawn_point_x = -5.0
spawn_point_y = 1.0
spawn_point_z_range = Vector2(-0.5, 0.1)

[node name="Timer" type="Timer" parent="Spawner"]
wait_time = 2.0

[node name="AudioManager" parent="." instance=ExtResource("3_068bj")]

[node name="PauseNode" type="Node" parent="."]
process_mode = 2
script = ExtResource("5_74wqr")

[node name="Menu" parent="." instance=ExtResource("6_e1j1i")]

[node name="GameoverMenu" parent="." instance=ExtResource("7_y3t0d")]

[node name="ScanGun" type="Node3D" parent="."]
transform = Transform3D(3.01114, 0, 0.289197, 0, 3.025, 0, -0.289197, 0, 3.01114, 0.408571, 0.81012, 1.47989)
script = ExtResource("7_3stbu")
ready_to_scan_pos = Vector3(0.409, 0.81, 0.696)
offscreen_pos = Vector3(1.25, 0.5, 2)

[node name="Scaner" parent="ScanGun" instance=ExtResource("9_eselk")]
transform = Transform3D(-0.300246, -0.0632423, 0.071257, -0.0834374, 0.288272, -0.0957209, -0.045993, -0.110112, -0.291522, 0.0163069, -0.0822752, 0.0845357)

[node name="CSGBox3D" type="CSGBox3D" parent="ScanGun"]
transform = Transform3D(0.1, 0, 0, 0, 0.0883144, 0.0469102, 0, -0.0469102, 0.0883144, 0.000696938, -0.0324004, 0.0655528)
visible = false
size = Vector3(0.260498, 0.862793, 0.400993)

[node name="CSGBox3D2" type="CSGBox3D" parent="ScanGun"]
transform = Transform3D(0.1, 0, 0, 0, 0.1, 0, 0, 0, 0.1, 0.000513833, -0.00461929, 0.0412462)
visible = false
size = Vector3(0.488281, 0.300964, 0.754875)

[node name="Screen" parent="." instance=ExtResource("8_u0rvw")]
transform = Transform3D(0.998368, -0.00187052, 0.0570858, 0.00155652, 0.999983, 0.00554488, -0.0570953, -0.00544697, 0.998354, 1.2292, 0.213354, -0.92695)

[node name="Border" type="Node3D" parent="."]
transform = Transform3D(1.715, 0, 0, 0, 1.715, 0, 0, 0, 1.715, 3, 0, 0)

[node name="Area3D" type="Area3D" parent="Border"]
transform = Transform3D(1, 0, 0, 0, 1, 0, 0, 0, 1, 0.0195335, -1.3902e-07, -0.111244)

[node name="CollisionShape3D" type="CollisionShape3D" parent="Border/Area3D"]
shape = SubResource("BoxShape3D_vdfb5")

[node name="SubViewportContainer" type="SubViewportContainer" parent="."]
offset_right = 40.0
offset_bottom = 40.0

[connection signal="timeout" from="Camera3D/Timer" to="Camera3D" method="_on_timer_timeout"]
[connection signal="timeout" from="Spawner/Timer" to="Spawner" method="_on_timer_timeout"]
